0 0.37109375 0.271875 0.2515625 0.35
0 0.6421875 0.75703125 0.2140625 0.265625
0 0.221875 0.6 0.2296875 0.31875
0 0.71953125 0.515625 0.19375 0.225
0 0.40859375 0.56328125 0.175 0.2640625
0 0.50546875 0.55546875 0.1265625 0.2171875
0 0.35078125 0.82734375 0.15625 0.2796875
0 0.1671875 0.86640625 0.19375 0.25625
0 0.05234375 0.63515625 0.1046875 0.3953125
0 0.515625 0.3203125 0.1296875 0.215625
0 0.62734375 0.3140625 0.1171875 0.2015625
0 0.84140625 0.4953125 0.1296875 0.215625
0 0.6890625 0.3203125 0.1109375 0.215625
0 0.46484375 0.77109375 0.146875 0.2375
0 0.79375 0.72421875 0.1234375 0.2375